move = 0.000000 -2.500000 -10.000000
rotate = 360.000000 0.000000 0.000000
scale = 0.100000
