move = 0.000000 0.000000 0.000000
rotate = 0.000000 0.000000 0.000000
scale = 3.860000
